10000|10403
10000|9005
10001|10404
10001|9006
10002|9007
10003|9008
10004|9009
10005|9010
10006|10405
10006|9011
10007|10040
10007|9012
10008|9013
10009|9014
10010|9015
10011|9016
10012|9017
10013|9018
10014|9019
10015|9020
10016|9021
10017|9022
10018|9023
10019|10407
10019|9024
10020|9025
10021|10408
10021|9026
10022|9026
10023|10409
10023|9028
10024|9029
10025|9030
10026|9031
10027|9032
10028|9033
10029|9034
10030|9035
10031|9036
10032|9037
10033|15265
10034|9039
10035|9040
10036|9041
10036|9664
10037|9042
10038|9043
10039|9044
10040|9045
10041|9046
10042|9047
10043|9048
10044|9049
10045|9050
10046|9051
10047|15266
10048|9052
10049|9054
10050|9055
10051|9056
10052|10411
10052|9057
10053|9058
10054|9059
10055|9060
10056|9061
10057|9062
10058|9063
10059|9064
10060|9065
10061|9066
10062|9067
10063|9068
10064|9069
10065|9070
10066|9071
10067|9072
10068|9073
10069|9074
10070|9075
10071|10412
10071|11452
10071|14886
10071|9076
10072|9077
10073|9078
10074|10413
10074|9079
10075|9080
10076|10414
10076|9081
10077|9081
10078|9081
10079|9084
10080|10415
10080|9085
10081|15267
10082|9086
10083|9088
10084|10416
10084|15269
10085|9090
10086|9090
10087|9092
10088|9092
10089|9094
10090|15270
10091|9096
10092|9092
10093|9098
10094|15271
10095|14649
10095|9100
10096|9101
10097|9102
10098|9103
10099|9104
10100|9105
10101|9106
10102|9107
10103|9108
10104|9109
10105|9110
10106|9111
10107|15268
10108|9112
10109|10417
10109|9114
10110|9115
10111|9116
10112|10418
10112|9117
10113|9118
10114|9119
10115|9120
10116|9121
10117|9122
10118|9123
10119|9124
10120|9125
10121|15089
10122|9127
10123|9128
10124|9129
10125|9130
10126|9131
10127|9131
10128|15096
10129|9134
10130|9135
10131|15274
10132|9137
10133|9138
10134|9139
10135|9140
10136|9141
10137|9142
10138|9143
10139|9144
10140|9145
10141|9146
10142|15409
10142|9147
10143|9148
10144|9149
10145|9150
10146|9151
10147|9152
10148|10419
10148|9153
10149|15272
10150|9155
10151|9156
10152|9157
10153|10420
10153|15256
10153|9158
10154|9159
10155|15273
10156|9161
10157|9161
10158|9163
10159|9164
10160|9165
10161|10421
10161|15164
10161|9166
10162|9167
10163|10422
10163|11455
10163|11560
10163|9168
10164|9169
10165|9170
10166|9171
10167|14991
10167|9172
10168|15075
10169|15076
10170|9174
10171|9176
10172|9161
10173|9161
10174|9161
10175|9180
10176|9181
10177|9182
10178|70601
10178|9183
10179|9183
10180|9185
10181|9186
10182|9186
10183|9188
10184|10423
10185|9190
10186|9191
10187|9192
10188|9193
10189|9194
10190|9195
10191|9196
10192|9197
10193|9198
10194|9199
10195|9200
10196|9201
10197|9202
10198|9203
10199|9204
10200|9205
10201|10424
10201|11456
10201|9206
10202|10425
10202|9207
10203|9208
10204|9209
10205|9210
10206|9211
10207|9212
10208|9212
10209|9212
10210|9215
10211|9216
10212|9217
10213|9218
10214|9219
10215|9220
10216|9221
10217|9222
10218|9223
10219|9224
10220|9225
10221|9226
10222|9227
10223|9228
10224|15165
10225|9230
10226|9231
10227|9231
10228|10426
10228|9233
10229|9234
10230|9235
10231|9236
10232|9237
10233|9238
10234|10427
10234|11457
10234|11561
10234|9239
10235|9240
10236|9241
10237|10428
10237|11458
10237|11562
10237|11607
10237|9242
10238|15233
10239|12233
10239|9243
10240|9245
10241|9246
10242|9246
10243|9246
10244|9249
10245|9250
10246|9251
10247|9252
10248|9253
10249|10429
10249|15232
10250|15208
10251|15209
10252|15210
10253|9258
10254|9259
10255|9260
10256|9261
10257|9262
10258|9263
10259|10430
10259|11459
10259|5450
10259|9264
10260|9264
10261|9266
10262|9267
10263|9268
10264|9269
10265|9270
10266|9271
10267|9272
10268|9273
10269|9274
10270|9275
10271|9276
10272|9277
10273|10431
10273|13096
10273|9278
10274|9279
10275|9280
10276|9281
10277|9278
10278|9283
10279|9284
10280|9285
10281|9286
10282|9287
10283|9288
10284|9289
10285|9290
10286|9291
10287|9292
10288|9293
10289|15262
10290|9294
10291|9296
10292|9296
10293|9298
10294|9299
10295|9300
10296|9301
10297|9302
10298|9303
10299|9304
10300|9305
10301|9306
10302|9307
10303|9308
10304|9309
10305|10433
10305|9310
10306|9311
10307|10434
10307|11460
10307|11564
10307|9312
10308|9313
10309|10435
10309|11461
10309|11565
10309|11608
10309|9314
10310|9315
10311|9316
10312|9317
10313|10435
10313|9318
10314|12419
10314|9319
10315|9320
10316|9321
10317|9314
10318|10437
10318|9323
10319|9324
10320|9325
10321|9326
10322|9327
10323|9328
10324|9329
10325|9330
10326|9331
10327|9332
10328|9333
10329|9334
10330|111355
10330|9335
10331|10438
10331|9336
10332|9337
10333|9338
10334|11462
10334|15107
10334|9339
10335|9340
10336|9341
10337|9342
10338|9343
10339|9332
10340|9345
10341|9346
10342|9347
10343|9348
10344|9349
10345|9350
10346|9351
10347|10440
10347|9352
10348|9353
10349|146668
10349|9354
10350|9355
10351|9356
10352|9357
10353|9358
10354|9359
10355|9360
10356|9361
10357|9361
10358|9363
10359|9364
10360|9365
10361|10441
10361|11463
10361|9366
10362|9367
10363|10442
10363|11464
10363|9368
10364|10443
10364|9369
10365|9370
10366|9371
10367|9372
10368|9373
10369|9374
10370|15214
10371|9376
10372|9377
10373|15298
10374|10444
10374|11465
10374|9379
10375|10445
10375|9380
10376|9381
10377|9382
10378|9383
10379|9384
10380|9384
10381|9384
10382|9387
10383|9388
10384|9389
10385|10446
10385|9390
10386|10447
10386|9391
10387|9392
10388|9393
10389|10448
10389|9394
10390|10449
10390|9395
10391|9396
10392|9397
10393|9398
10394|9399
10395|9400
10396|9401
10397|71142
10397|9402
10398|10450
10398|9403
10399|9404
10400|10451
10400|11466
10400|9405
10401|9406
10402|9407
10403|9408
10404|12274
10404|8935
10404|9409
10405|9410
10406|13077
10406|9411
10407|10453
10407|9412
10408|9404
10409|9414
10410|9415
10411|9415
10412|146634
10412|9417
10414|9419
10415|9415
10416|11467
10416|11566
10416|7981
10416|9421
10417|9422
10418|10455
10418|9423
10419|9424
10420|14273
10420|9424
10421|9426
10422|9427
10423|9428
10424|9429
10425|9430
10426|9431
10427|9432
10428|9415
10429|9415
10430|10456
10430|11468
10430|11567
10430|9435
10431|10457
10431|12577
10431|13473
10431|14048
10431|14101
10431|14896
10431|14902
10431|15517
10431|9436
10432|10458
10432|11469
10432|9437
10433|10459
10433|9438
10434|9439
10435|10460
10435|9440
10436|9441
10437|10461
10437|9442
10438|86351
10438|9443
10439|9444
10440|9445
10441|15041
10441|9446
10442|10462
10442|9447
10443|9448
10444|9449
10445|9450
10446|9451
10447|9452
10448|9453
10449|9454
10450|9455
10451|9456
10452|9457
10453|10463
10453|9458
10454|9459
10455|8935
10455|9460
10456|9460
10457|10465
10457|9462
10458|9463
10459|9464
10460|144331
10460|14644
10460|15500
10460|9465
10461|9466
10462|9467
10463|9468
10464|9469
10465|9470
10466|54109
10466|9471
10467|28617
10467|9472
10468|9473
10469|9474
10470|9475
10471|10447
10471|9476
10471|9722
10472|9477
10473|9478
10474|9479
10475|9480
10476|9481
10477|10467
10477|9482
10478|9477
10479|9477
10480|9485
10481|9486
10482|9487
10483|9488
10484|9489
10485|10468
10485|12955
10485|9490
10486|9491
10487|9488
10488|9493
10489|9488
10490|9495
10491|9496
10492|9497
10494|9499
10495|9500
10496|14167
10496|9501
10497|9502
10498|10469
10498|9503
10499|9504
10500|12036
10500|9505
10501|9506
10502|9507
10503|9508
10504|9509
10505|9510
10506|9510
10507|9512
10508|9510
10509|15173
10509|9514
10510|9515
10511|9516
10512|9517
10513|10470
10513|9518
10514|9519
10515|9520
10516|9521
10517|9522
10518|10471
10518|11471
10518|9523
10519|9524
10520|9525
10521|9526
10522|9527
10523|9528
10524|9529
10525|9530
10526|9531
10527|9532
10528|9533
10529|9534
10530|15088
10531|9536
10532|9537
10533|9538
10534|9539
10535|10473
10535|9540
10536|9541
10537|9542
10538|9543
10539|9544
10540|9545
10541|9546
10542|9547
10543|9548
10544|8286
10544|9549
10545|9550
10546|9551
10547|9552
10548|9553
10549|9554
10550|9555
10551|9556
10552|9557
10553|9558
10554|9559
10555|15345
10556|9561
10557|9562
10558|15188
10559|9564
10560|9565
10561|9566
10562|9567
10563|9568
10564|9569
10565|9570
10566|9571
10567|10474
10567|9572
10568|9573
10569|9574
10570|9575
10571|9576
10572|9577
10573|9578
10574|9579
10575|9580
10576|9581
10577|9582
10578|9583
10579|9584
10580|9585
10581|9586
10582|9587
10583|15394
10583|9588
10584|9589
10585|10475
10585|9590
10586|9591
10587|9592
10588|9593
10589|9594
10590|9595
10591|9596
10592|9597
10593|9598
10594|9599
10595|9600
10596|9601
10597|9602
10598|9603
10599|9604
10600|9605
10601|10476
10601|11267
10601|9606
10602|9607
10603|9608
10604|9609
10605|9610
10606|9611
10607|9612
10608|9613
10609|9614
10610|15275
10611|9616
10612|9617
10613|9618
10614|9619
10615|9620
10616|9621
10617|9622
10618|9623
10619|9624
10620|10478
10620|11473
10620|9625
10621|10479
10621|9626
10622|9627
10623|9628
10624|9629
10625|9630
10626|9631
10627|9632
10628|9633
10629|9634
10630|9635
10631|9636
10632|9637
10633|10480
10633|9638
10634|9639
10635|9640
10636|9641
10637|9642
10638|9643
10639|9644
10640|9645
10641|9646
10642|12282
10642|9647
10643|9648
10644|9649
10645|14251
10645|9650
10646|10482
10646|11474
10646|9651
10647|13013
10647|14551
10647|9652
10648|9653
10649|9654
10650|9655
10651|9656
10652|10483
10652|12313
10652|76634
10652|9657
10653|9658
10654|9659
10655|9660
10656|8148
10657|9662
10658|9010
10659|9664
10660|9665
10661|5128
10662|5128
10663|9128
10664|9215
10665|9215
10666|9671
10667|9672
10668|15301
10669|15204
10670|9110
10672|9677
10673|9678
10674|9679
10675|9259
10676|9259
10677|9267
10678|9328
10679|9684
10680|9361
10681|9686
10682|4892
10683|4892
10684|9689
10685|9690
10686|9691
10687|9692
10688|15293
10689|9694
10690|8494
10691|9696
10693|9698
10694|9699
10695|6505
10696|10484
10696|9701
10697|12897
10697|13491
10697|9702
10698|5782
10699|5780
10700|9705
10701|5807
10702|9707
10703|9708
10704|9709
10705|9710
10706|9711
10707|9712
10708|9713
10709|15300
10710|8381
10711|8388
10712|9717
10713|15173
10713|9718
10714|13829
10714|14451
10714|14479
10714|9718
10715|9720
10716|9459
10717|9722
10718|9722
10719|8911
10720|8952
10721|71140
10721|9647
11034|12373
11034|15583
11100|12099
11769|12991
11769|14988
12923|14994
12924|14996
12926|14997
12935|15011
12942|15027
12943|15028
12946|15036
12951|15155
12952|15157
13013|15415
13014|15416
13015|12380
13015|15417
13015|50819
13016|15418
13017|15419
13174|10213
13301|15857
13506|16170
13507|16172
13508|16173
13508|16180
16381|146648
16390|146663
16393|146667
16393|146685
16394|146669
16395|146670
16396|146671
16396|146708
16397|146672
16400|146677
16401|146681
16401|146682
16402|146683
16402|146684
16402|146687
16404|146686
16405|146688
16405|146696
16405|146710
16406|146688
16408|146689
16408|146690
16408|146698
16411|146694
16412|146695
16413|146697
16414|146700
16415|146701
16417|146702
16418|146703
16419|146704
16420|146705
16421|146707
16425|146714
16426|146715
16427|146717
16428|146718
16429|146719
16430|146720
5870|4875
5871|4876
5872|4877
5873|4878
5874|4879
5875|4880
5876|4881
5877|15085
5878|4883
5879|4884
5880|4885
5881|4886
5882|4887
5883|4888
5884|4889
5885|4890
5886|4891
5887|4892
5888|15371
5888|4893
5889|15006
5889|4894
5890|4895
5891|4896
5892|4897
5893|4898
5894|4899
5894|9727
5895|11243
5895|11475
5895|4900
5895|9728
5896|4901
5897|4901
5898|11244
5898|4901
5898|9729
5899|4904
5899|9728
5899|9730
5900|4905
5901|4906
5902|4907
5903|4907
5904|4909
5905|4910
5906|4911
5907|4912
5907|9731
5908|4913
5908|4916
5909|4914
5910|4915
5912|4917
5913|4918
5913|9732
5914|14929
5914|4919
5914|9733
5915|11245
5915|4920
5915|9734
5916|4921
5917|4922
5918|4923
5919|4924
5920|4925
5921|4926
5921|9735
5922|4927
5923|4928
5924|4929
5924|9736
5925|4930
5926|4931
5927|11246
5927|4932
5927|9737
5928|4933
5929|4934
5929|4936
5929|9738
5930|4935
5931|4936
5932|4937
5933|4938
5934|4939
5935|4940
5936|4941
5937|14587
5937|4942
5938|4943
5939|4944
5940|4945
5941|14938
5941|4946
5942|4947
5943|4948
5944|4949
5944|9739
5945|4950
5946|4950
5947|4952
5948|4953
5949|4954
5950|4955
5951|4956
5952|4957
5953|4958
5954|4959
5955|4960
5956|4961
5957|4962
5958|4963
5959|4964
5960|4965
5961|4966
5962|4967
5963|4968
5964|4969
5965|4970
5966|4971
5967|4972
5968|4973
5969|4974
5970|4975
5971|14987
5971|4976
5972|4977
5973|4978
5974|4979
5975|4980
5976|4981
5977|4982
5978|4983
5979|15156
5979|4984
5980|4985
5981|4985
5982|4987
5983|4988
5984|4989
5985|4990
5986|4991
5987|4992
5988|4993
5989|4994
5990|4995
5991|4996
5991|9740
5992|4997
5993|4998
5994|4999
5994|5001
5995|5000
5997|5002
5998|5003
5999|5004
6000|5005
6001|5006
6002|5007
6002|9741
6003|5008
6004|11248
6004|5009
6005|5010
6005|9743
6006|5011
6007|5012
6008|5014
6008|9744
6009|5014
6009|9744
6010|5015
6011|5016
6012|5017
6013|11249
6013|11476
6013|11568
6013|5018
6013|9746
6014|5019
6015|5020
6016|5021
6017|15408
6017|5022
6018|11250
6018|11477
6018|11569
6018|11609
6018|5023
6018|9748
6019|5024
6020|5025
6021|5026
6022|5027
6023|5028
6024|5028
6025|5030
6025|9749
6026|5031
6027|5031
6028|5033
6029|5033
6030|5035
6031|5036
6032|5037
6033|5038
6034|5039
6035|5040
6036|5041
6037|5042
6038|5043
6039|5044
6040|5045
6041|5046
6041|9750
6042|5047
6043|15236
6044|5049
6045|5050
6046|5051
6047|5052
6048|5053
6048|9751
6049|5054
6050|15348
6050|5054
6051|15349
6051|5054
6052|5057
6053|5058
6054|11251
6054|5059
6054|9752
6055|5060
6056|5061
6057|5062
6058|5063
6059|5064
6060|5065
6060|9754
6062|5067
6063|5068
6064|5068
6065|5070
6065|9099
6066|5071
6066|9756
6067|5072
6068|5073
6068|9757
6069|5074
6069|9758
6070|5074
6071|5074
6072|5077
6073|5078
6074|5079
6075|5080
6076|5080
6077|5080
6078|5083
6079|5084
6080|5085
6081|5086
6082|5087
6083|5088
6084|5089
6085|11478
6085|11570
6085|11610
6085|11630
6085|15328
6085|5090
6085|9760
6086|5091
6087|5092
6087|8834
6087|9761
6088|5093
6089|5094
6090|5095
6091|5096
6092|5096
6093|5098
6093|5435
6093|9762
6094|11255
6094|5099
6094|9763
6095|5100
6096|5101
6097|5102
6098|5103
6099|5104
6100|5105
6101|11256
6101|11479
6101|5106
6101|9764
6102|5107
6102|5108
6103|5108
6104|5109
6105|5110
6106|5111
6107|5112
6108|5113
6109|5114
6110|5115
6111|5116
6111|9766
6112|5117
6113|5118
6113|7084
6114|5119
6115|5120
6116|5121
6117|5122
6118|5123
6119|5124
6120|5125
6121|5126
6122|5127
6122|9768
6123|11257
6123|11480
6123|11571
6123|5128
6123|5128
6124|5108
6124|5129
6125|5130
6126|5131
6127|5132
6128|5133
6129|5134
6129|9771
6130|5135
6131|5136
6132|5137
6133|11258
6133|11481
6133|11572
6133|11611
6133|11631
6133|11644
6133|11650
6133|11653
6133|5138
6133|9772
6134|5139
6135|5140
6136|5140
6137|5142
6138|5143
6139|5144
6140|5145
6141|5146
6142|5147
6143|5148
6144|5149
6145|5150
6145|9773
6146|11259
6146|5151
6146|9774
6147|5152
6148|5153
6149|5154
6150|5154
6151|5154
6152|5157
6153|5158
6153|9217
6154|5159
6155|5159
6156|5161
6157|5162
6157|9217
6158|5163
6159|5164
6160|5165
6161|5166
6162|5167
6163|5168
6164|11260
6164|5169
6164|9777
6165|5170
6166|5170
6167|5172
6168|5173
6169|5174
6170|5175
6171|5176
6172|5177
6173|5178
6174|5179
6175|5180
6176|5181
6177|5182
6178|5183
6178|9778
6179|5183
6180|5185
6181|5186
6182|5187
6182|6479
6183|11261
6183|5188
6183|9780
6184|5189
6185|5190
6185|9781
6186|5190
6187|5192
6188|5193
6189|5194
6190|5195
6191|5196
6192|5197
6193|5198
6194|5199
6195|5200
6196|5201
6197|5202
6198|15169
6199|5204
6200|5205
6201|5206
6201|9782
6202|5207
6203|5208
6204|5209
6205|5210
6206|5211
6207|5212
6207|9783
6208|15218
6209|5213
6210|5215
6211|5216
6212|5217
6213|5218
6214|5219
6215|5220
6216|5221
6217|5222
6218|5223
6219|5224
6219|9784
6220|5225
6221|5226
6222|5227
6223|5228
6224|5229
6225|5230
6226|5231
6227|5232
6228|5233
6229|5234
6230|5235
6231|11262
6231|11482
6231|11573
6231|5236
6231|9785
6232|5237
6232|9786
6233|5238
6234|5239
6235|5240
6236|15278
6237|5242
6238|5243
6239|5244
6239|9787
6240|5245
6241|5246
6242|5247
6243|5248
6244|5249
6245|5250
6246|5251
6247|5252
6247|9788
6248|5253
6249|5254
6249|9789
6250|5255
6251|5256
6252|5257
6253|5258
6254|5259
6255|5260
6256|5261
6256|9790
6257|5262
6258|5263
6259|5264
6260|5264
6261|5266
6262|5267
6263|5268
6264|5269
6265|5270
6266|5271
6267|5272
6268|5273
6269|5274
6270|5275
6271|5276
6272|5277
6273|5278
6274|5279
6274|7592
6275|5280
6276|5281
6277|5282
6278|5283
6279|5284
6280|5285
6281|5286
6282|5287
6283|5288
6284|5289
6285|15390
6285|5290
6285|9792
6286|11263
6286|5291
6286|9793
6287|5292
6288|12162
6288|5293
6288|9794
6289|5294
6289|9795
6290|5295
6290|9796
6291|146697
6291|5296
6292|5297
6293|5298
6294|5299
6294|9797
6295|5300
6296|5301
6297|5302
6298|5303
6299|5304
6300|5305
6301|5306
6302|5307
6303|5308
6304|5309
6305|5310
6306|15443
6306|5311
6307|5311
6308|5313
6309|5314
6310|5315
6311|5316
6312|5317
6313|5318
6314|5319
6315|5320
6316|5321
6317|14652
6317|5321
6318|5323
6318|9798
6319|5324
6320|5325
6321|5326
6322|5327
6323|5328
6324|5329
6325|5330
6326|5331
6327|5332
6328|15039
6329|5334
6330|5335
6330|68598
6331|5336
6332|5337
6333|5338
6334|5339
6336|5341
6337|5342
6338|5343
6339|5344
6340|5345
6341|11995
6341|12000
6341|5346
6341|9799
6342|13118
6342|14829
6342|15510
6342|16291
6342|5347
6342|68037
6342|9800
6343|5348
6343|67994
6343|9676
6344|5349
6345|5350
6346|5351
6347|5352
6348|5353
6349|11483
6349|5354
6349|9802
6350|13068
6350|14417
6350|14441
6350|14513
6350|15084
6350|5355
6350|86254
6351|5356
6352|5357
6353|5358
6354|5359
6355|12892
6355|5360
6356|5361
6357|5362
6358|5363
6359|5364
6360|5365
6361|12825
6361|12880
6361|5366
6362|5367
6363|13671
6363|14662
6363|14865
6363|5368
6364|5369
6365|5370
6366|5371
6367|5372
6368|5373
6369|5374
6370|5375
6371|5376
6371|9803
6372|5376
6373|121780
6373|5378
6374|111036
6374|5379
6375|5380
6375|9804
6376|5381
6377|5382
6378|5383
6379|5383
6380|5385
6381|5386
6381|5389
6382|5387
6383|5388
6384|5389
6385|5389
6386|5391
6387|5392
6388|5393
6389|5394
6390|5395
6390|9806
6391|5396
6392|5397
6393|5398
6394|5399
6395|5400
6396|5401
6396|87285
6396|9807
6397|11265
6397|5402
6397|9808
6398|5403
6399|5404
6400|5405
6401|5406
6401|9809
6402|5407
6403|5408
6404|5409
6405|5410
6406|5411
6407|5412
6408|5413
6409|5414
6410|5415
6411|5416
6412|11257
6412|11484
6412|11574
6412|5417
6412|9810
6413|5418
6413|9133
6414|5419
6415|5420
6416|5421
6417|5422
6418|5423
6419|5424
6420|5425
6421|5426
6421|9812
6422|5427
6423|5428
6424|5428
6425|5430
6426|5431
6426|9813
6427|5432
6427|9814
6428|5433
6429|5433
6430|5435
6430|9815
6431|11267
6431|11485
6431|5436
6431|9816
6432|5437
6433|5438
6434|11268
6434|5439
6434|9817
6435|5440
6436|5441
6437|5442
6438|5443
6439|5444
6440|5445
6441|5446
6442|12582
6442|5447
6443|5448
6444|5449
6445|12356
6445|14675
6445|5450
6446|5451
6446|9818
6447|5452
6448|5453
6449|5454
6450|5455
6451|5456
6452|5457
6452|9819
6453|5458
6454|5459
6455|5460
6456|5460
6457|5462
6458|11269
6458|14234
6458|14412
6458|14416
6458|14429
6458|5463
6458|9820
6459|5464
6460|5463
6460|9821
6461|5466
6462|5467
6463|5468
6464|11270
6464|5469
6464|9822
6465|5470
6466|5471
6467|5472
6468|5473
6469|5474
6470|5475
6471|5476
6472|5477
6473|5478
6474|5478
6475|5480
6476|5481
6477|5482
6478|5483
6479|14986
6479|5484
6480|5485
6481|5486
6482|5487
6483|5488
6484|5489
6485|5490
6486|5491
6487|5492
6488|5493
6489|5494
6490|5495
6491|5496
6492|5497
6493|5498
6494|5499
6495|5500
6496|5501
6497|5502
6498|5503
6499|5504
6500|5505
6501|5506
6502|5507
6503|5508
6504|5509
6505|5510
6506|5511
6507|5512
6508|5512
6509|5514
6510|5515
6511|5516
6512|5517
6513|5518
6514|5519
6515|5520
6516|5521
6517|5522
6518|11271
6518|5523
6518|9823
6519|5524
6520|5525
6521|5526
6522|5527
6523|5528
6524|5529
6525|5530
6526|5531
6527|5532
6528|5533
6529|5534
6530|5535
6530|9825
6531|15329
6531|5536
6531|9826
6532|5537
6533|5538
6534|5539
6535|5540
6536|5541
6537|5542
6538|5543
6539|15160
6539|5545
6539|9828
6540|5546
6541|5547
6542|9829
6543|5548
6544|5549
6544|9830
6545|5550
6546|5551
6547|5552
6548|5553
6549|5554
6550|5555
6551|5556
6552|5557
6553|5558
6554|5559
6555|5560
6556|5561
6556|68943
6557|5562
6557|9831
6558|5563
6559|5564
6560|5565
6561|5566
6562|5567
6562|9832
6563|5568
6564|5569
6565|5570
6566|5571
6567|5572
6568|5573
6569|5574
6570|5575
6571|5576
6572|5577
6573|5578
6573|9833
6574|5579
6575|5580
6576|5581
6576|9834
6577|11272
6577|11486
6577|11575
6577|11612
6577|11632
6577|12213
6577|5582
6577|9835
6578|5583
6579|5584
6580|5585
6581|5586
6582|5587
6583|5588
6584|5589
6585|11273
6585|11487
6585|5590
6585|9836
6586|5591
6587|5592
6588|5593
6589|5594
6590|5595
6591|5596
6592|10192
6592|11488
6592|11576
6592|5597
6592|7627
6592|9793
6592|9837
6593|5598
6594|5599
6595|5600
6596|14593
6596|5601
6597|5602
6597|9838
6598|11275
6598|11489
6598|11577
6598|15161
6598|5603
6599|5604
6600|5605
6601|5606
6602|5607
6603|5608
6603|9840
6604|5609
6604|9841
6605|5610
6605|9842
6606|5611
6607|5612
6607|7468
6607|9843
6608|5613
6609|5614
6610|12429
6610|12624
6610|13563
6610|5615
6610|9844
6611|5615
6612|5617
6612|7629
6613|5618
6613|9846
6614|5619
6615|106345
6615|15154
6615|15461
6615|9848
6616|5620
6616|7682
6617|5622
6618|11277
6618|5623
6618|9850
6619|5624
6620|5625
6621|11278
6621|14462
6621|5626
6621|9851
6622|5627
6623|5628
6624|5629
6625|5630
6626|5631
6627|5632
6628|13519
6628|5633
6629|111581
6629|5634
6630|5635
6631|5636
6632|5637
6633|5638
6633|9852
6634|5639
6635|5640
6635|9853
6636|5641
6637|5642
6638|13073
6638|5643
6639|5644
6639|9855
6640|5645
6641|11279
6641|5646
6641|9856
6642|11280
6642|11490
6642|11578
6642|11614
6642|12646
6642|5647
6642|9857
6643|11281
6643|5648
6643|9858
6644|5649
6644|9859
6645|5650
6645|9860
6646|15483
6646|5651
6647|11282
6647|11579
6647|11615
6647|11634
6647|15387
6647|5652
6647|9861
6648|5653
6649|11283
6649|113059
6649|5654
6649|9862
6650|5654
6650|9863
6651|15152
6651|5656
6652|14585
6652|5657
6653|5658
6654|5659
6655|12474
6655|13887
6655|14316
6655|5660
6655|9864
6656|5661
6657|15151
6658|5662
6659|5664
6660|5665
6661|5666
6662|5667
6663|5668
6663|9865
6664|5669
6664|9866
6665|5670
6666|5671
6667|5672
6668|11284
6668|13100
6668|14619
6668|5673
6668|9867
6669|106266
6669|11285
6669|11285
6669|11492
6669|11616
6669|11635
6669|11645
6669|11651
6669|11656
6669|12004
6669|15521
6669|5674
6669|71141
6669|8001
6669|8194
6670|5675
6670|9869
6671|13046
6671|13301
6671|5676
6671|9718
6672|11286
6672|5677
6673|15121
6674|5679
6675|15123
6676|5681
6677|5682
6678|11287
6678|11996
6678|14771
6678|5682
6678|67554
6678|9872
6679|12683
6679|5684
6679|9873
6680|5685
6681|5686
6681|9874
6682|5687
6683|13092
6683|5688
6683|8055
6684|5689
6685|5690
6686|5691
6687|11288
6687|11493
6687|11559
6687|15375
6687|9876
6688|5693
6689|5694
6690|5695
6691|5696
6692|5697
6692|9877
6693|15086
6694|12324
6694|5699
6694|5881
6694|6735
6694|9878
6695|5700
6696|5701
6697|5702
6698|5703
6699|5704
6700|5705
6701|11289
6701|11494
6701|11516
6701|5706
6701|9879
6702|5707
6703|5707
6704|5709
6705|5709
6706|5711
6707|5712
6708|5713
6709|5714
6710|15163
6711|5716
6712|5717
6713|5718
6714|5719
6715|5720
6716|5721
6717|5722
6718|5723
6719|12331
6719|13289
6719|5724
6719|76636
6720|5725
6721|5726
6722|5727
6723|5728
6724|5729
6725|5730
6725|9880
6726|5731
6727|5732
6728|5733
6729|5734
6730|5735
6731|5736
6732|5736
6733|5738
6734|5739
6735|5740
6736|5741
6737|11516
6737|15373
6737|5742
6738|5742
6738|9882
6739|5744
6740|5745
6741|5746
6742|5747
6743|5748
6744|5749
6745|5750
6746|5751
6746|9883
6747|5752
6748|5753
6749|5753
6750|5755
6751|5756
6751|5760
6752|5757
6753|15202
6754|15203
6755|5760
6756|5761
6757|5762
6758|5763
6759|5764
6760|5765
6761|15276
6761|5766
6762|5767
6763|5768
6764|5769
6765|5770
6766|5771
6767|5772
6768|5773
6769|5774
6770|5775
6770|5792
6770|9895
6771|5776
6772|5777
6773|5778
6774|5779
6775|5780
6776|5780
6777|5782
6778|5782
6779|5784
6780|14790
6780|5785
6781|5786
6782|5787
6783|5788
6783|5794
6784|5789
6785|5790
6786|5791
6787|5792
6788|5792
6789|5794
6789|9887
6790|5795
6791|5796
6792|11292
6792|14790
6792|5797
6792|9888
6793|5797
6793|5825
6794|11293
6794|5799
6794|9889
6795|5800
6796|5801
6797|5802
6798|5803
6799|5804
6800|5805
6801|5806
6802|15103
6803|5808
6804|5809
6804|9890
6805|5810
6806|5811
6807|5812
6808|5813
6809|5814
6810|5815
6810|9891
6811|5815
6811|9891
6812|104090
6812|113106
6812|5817
6813|5818
6814|14990
6814|5819
6815|5820
6815|9893
6816|5821
6817|5822
6817|9894
6818|5823
6819|5824
6819|9895
6820|5825
6821|11294
6821|11495
6821|11582
6821|11617
6821|12764
6821|5826
6821|9896
6822|12420
6822|12929
6822|14780
6822|5827
6823|5828
6824|5829
6825|5830
6826|5831
6827|5832
6828|15379
6829|12995
6829|5834
6830|14751
6830|5835
6831|5836
6832|15378
6832|5837
6833|15384
6833|5838
6833|9898
6834|5839
6835|5840
6836|5841
6837|5842
6838|5843
6839|5844
6840|12549
6840|13244
6840|5845
6841|5846
6842|5847
6843|5848
6844|5849
6845|5850
6846|5851
6847|5852
6848|5853
6848|70603
6848|79367
6849|5854
6850|5855
6850|9899
6851|12457
6851|12862
6851|14751
6851|5856
6852|5857
6853|14997
6853|5858
6853|9900
6854|5859
6855|5860
6856|5861
6857|5862
6858|5863
6859|5864
6860|11296
6860|5865
6860|9901
6861|5866
6862|5867
6863|5867
6864|5869
6865|5870
6866|5870
6867|5872
6868|5873
6869|5873
6870|5875
6870|5876
6871|5876
6872|5876
6873|5878
6874|5879
6875|5880
6876|5881
6877|5882
6878|5883
6879|5884
6880|11496
6880|5885
6880|9903
6881|5886
6882|11298
6882|11497
6882|5887
6882|9904
6883|5888
6884|5888
6885|5890
6886|5890
6887|5888
6887|5890
6888|5893
6889|11299
6889|5894
6889|9906
6890|10472
6890|5895
6891|5896
6892|5897
6893|5898
6894|5899
6895|5900
6896|5901
6896|9907
6897|5902
6898|5903
6898|9908
6899|5903
6899|9908
6900|5903
6900|9908
6901|5903
6901|9908
6902|5907
6903|5908
6904|5909
6905|5910
6906|5911
6907|5912
6907|9908
6908|12721
6908|5913
6908|9913
6909|5914
6910|5915
6911|5916
6912|5917
6913|5918
6914|5919
6915|5920
6916|5921
6917|5922
6918|111036
6918|5923
6919|5924
6920|5925
6921|5926
6922|5927
6923|5928
6924|5929
6924|9914
6925|5930
6926|5931
6927|5932
6927|5999
6927|9915
6928|5933
6929|5933
6930|15239
6931|5935
6932|5937
6933|5938
6934|5939
6935|5940
6936|5941
6937|5941
6938|5943
6938|9916
6939|5944
6940|5945
6941|5945
6942|5947
6943|5947
6944|5949
6945|5950
6946|5951
6947|15346
6947|5952
6948|5953
6949|5954
6950|15611
6950|5955
6950|9917
6951|5956
6951|9918
6952|5957
6953|5958
6954|5959
6955|5960
6955|5962
6956|5961
6957|5962
6957|9920
6958|5962
6959|5962
6960|5962
6961|5966
6962|11301
6962|5742
6962|5967
6964|5969
6965|5970
6966|5971
6967|5972
6968|5973
6969|5974
6970|5975
6971|5976
6972|5977
6973|5978
6974|5979
6975|5980
6976|5981
6977|5982
6978|5983
6979|5984
6980|5985
6981|5985
6982|5985
6983|5985
6984|12831
6984|5989
6985|5990
6986|5991
6987|5991
6988|5993
6989|5994
6989|9923
6990|5995
6991|5996
6992|5997
6993|5998
6994|5999
6995|5999
6996|6001
6997|6002
6998|6003
6999|6004
7000|6005
7001|6006
7002|6007
7003|6007
7004|6009
7005|6010
7006|15120
7006|6011
7007|6012
7008|146676
7008|6013
7009|6014
7010|6015
7010|9925
7011|6016
7012|6017
7013|11302
7013|6017
7013|8334
7013|9926
7014|6017
7015|6020
7016|6021
7017|6022
7018|6023
7019|6024
7020|6025
7020|9991
7021|6026
7022|6027
7023|6028
7023|9928
7024|11304
7024|11499
7024|6029
7024|9929
7025|11305
7025|6030
7025|9930
7026|6031
7027|6032
7028|6033
7029|6034
7030|6035
7031|6036
7032|6037
7032|9931
7033|6038
7034|6039
7035|6040
7036|6041
7037|6042
7038|6043
7038|8485
7038|8488
7038|9932
7039|6044
7040|6045
7041|6046
7042|6047
7043|6047
7044|6049
7045|6050
7046|6051
7047|6052
7048|6053
7049|6054
7050|6055
7051|6056
7052|6056
7053|6058
7054|6058
7055|6060
7056|6061
7057|6062
7058|6063
7058|9933
7059|6064
7060|6064
7061|6066
7062|6067
7063|6068
7064|6069
7065|6070
7066|6071
7067|6072
7067|9934
7068|6073
7069|6074
7070|6075
7071|6076
7072|15240
7072|6077
7073|6078
7074|6079
7075|6080
7076|6081
7077|6082
7078|6083
7079|6084
7079|9935
7080|6085
7081|11307
7081|11501
7081|6086
7081|9936
7082|6087
7083|11308
7083|6088
7083|9937
7084|6089
7085|6090
7086|6091
7087|6092
7088|6093
7089|6094
7090|6095
7091|6096
7091|9938
7092|6097
7093|12621
7093|15104
7094|6099
7095|13279
7095|6100
7096|6101
7097|11309
7097|11502
7097|6102
7097|6124
7098|6103
7099|11310
7099|6104
7099|9940
7100|11311
7100|6105
7100|9941
7101|6106
7102|6107
7102|6154
7102|9942
7103|6108
7104|11313
7104|11503
7104|9943
7105|6110
7106|11314
7106|6111
7106|9944
7107|10265
7107|6112
7107|6139
7108|11316
7108|6113
7108|9946
7109|6114
7109|9947
7109|9948
7110|11318
7110|6114
7110|9948
7111|6116
7111|9949
7112|6091
7112|6117
7113|6118
7113|9951
7114|6119
7114|9952
7115|6120
7116|11320
7116|6121
7117|6122
7118|6123
7119|10211
7119|15359
7119|9954
7120|11322
7120|6125
7120|9955
7121|11323
7121|6126
7121|9956
7122|11324
7122|11503
7122|11504
7122|11583
7122|11618
7122|15360
7122|7689
7122|9957
7123|6128
7124|11325
7124|6127
7124|6129
7125|13031
7125|6130
7126|15119
7126|6131
7127|11505
7127|15395
7127|6132
7127|8132
7128|6132
7129|11327
7129|11402
7129|11619
7129|11637
7129|12998
7129|13923
7129|13966
7129|14995
7129|6134
7129|9962
7130|11328
7130|6135
7130|9963
7131|6136
7132|6137
7132|9964
7133|12180
7133|12648
7133|12821
7133|12935
7133|12976
7133|13851
7133|13921
7133|14061
7133|15241
7133|15484
7133|15546
7133|15934
7133|6138
7133|86882
7133|89314
7133|9965
7134|11507
7134|13015
7134|6139
7134|6149
7134|8072
7134|9966
7135|6140
7136|11330
7136|11508
7136|6141
7136|9968
7137|15258
7138|6143
7139|11331
7139|12771
7139|12772
7139|12944
7139|12985
7139|6144
7139|9969
7140|6145
7141|6146
7142|6147
7143|6148
7144|15237
7145|6150
7146|6151
7147|15183
7147|6152
7148|13990
7148|15454
7148|6153
7149|15246
7149|9970
7150|15247
7151|127312
7151|12794
7151|14479
7151|146627
7151|15173
7151|15174
7151|6156
7151|8700
7152|10239
7152|11332
7152|11509
7152|11620
7152|6157
7152|9972
7153|13977
7153|6158
7154|6159
7155|12755
7155|6160
7156|12782
7156|6161
7157|13020
7157|13991
7157|6162
7158|6163
7159|111344
7159|12903
7159|14040
7159|6164
7159|72384
7160|14169
7160|6165
7161|6166
7161|9973
7162|15118
7163|13001
7163|6168
7164|6169
7164|9974
7165|15287
7166|6171
7167|6172
7168|6173
7169|14570
7169|6174
7169|8834
7170|6174
7171|6176
7172|6177
7173|6178
7174|6178
7175|15196
7175|6180
7175|9976
7176|6181
7177|6182
7178|6183
7179|6184
7180|6185
7181|6186
7182|6187
7183|6188
7184|6189
7184|9977
7185|6190
7186|6191
7187|6192
7188|6193
7189|6194
7189|6197
7190|6195
7191|6195
7192|15284
7193|6198
7194|15285
7195|6200
7196|15286
7196|9979
7197|6202
7197|9980
7198|6203
7198|9981
7199|6204
7200|6205
7201|6206
7202|6207
7203|6208
7204|6209
7205|6210
7206|6211
7207|6212
7208|6213
7209|15090
7210|6215
7211|6216
7212|15091
7213|6218
7214|6219
7215|6220
7216|6221
7216|9982
7217|6222
7218|6223
7219|6224
7220|6225
7221|6226
7222|6227
7223|15288
7224|15289
7225|6230
7226|15305
7226|6231
7227|11896
7227|15426
7227|6232
7228|6233
7229|6234
7230|6235
7231|6236
7232|15315
7233|6238
7234|6239
7235|15254
7235|6240
7236|15316
7237|6242
7238|6243
7239|15310
7240|15309
7241|6244
7242|6247
7242|9985
7243|6248
7244|15311
7245|15312
7246|14991
7246|15313
7247|15314
7248|6253
7249|6254
7250|6255
7251|6256
7252|6257
7253|15306
7254|15307
7255|6260
7256|6260
7257|6262
7257|9986
7258|6263
7259|6264
7260|5962
7260|6265
7261|15308
7262|6267
7263|6268
7264|6269
7265|6270
7266|6271
7267|6272
7268|6273
7269|6274
7270|6275
7271|6276
7272|6277
7273|15148
7274|6279
7275|6280
7276|6281
7277|15170
7277|9988
7278|6283
7278|9989
7279|6284
7280|6285
7281|6286
7282|6287
7282|9990
7283|6288
7284|15100
7284|6289
7285|6290
7286|6291
7287|6292
7288|6293
7289|6294
7290|6295
7291|6296
7292|6297
7293|6298
7294|6299
7295|6300
7296|6301
7297|15279
7298|6303
7299|5463
7299|6304
7300|6305
7301|6306
7302|6307
7303|15250
7304|6308
7305|6310
7306|6311
7307|6312
7308|6313
7309|6314
7310|6315
7311|6316
7312|6317
7313|6318
7314|6319
7315|6320
7316|6321
7317|6322
7318|14332
7318|6323
7318|9993
7319|6324
7320|6325
7321|6326
7322|6327
7323|6328
7324|6329
7325|15675
7325|6330
7325|9994
7326|6331
7327|6332
7327|9995
7328|6333
7329|6334
7330|6335
7331|6336
7332|6337
7333|6338
7334|6339
7335|6340
7336|6341
7337|6342
7338|6343
7339|15105
7340|6345
7341|6346
7341|9996
7342|6347
7343|6348
7344|15168
7345|6350
7345|9997
7346|6350
7347|6350
7347|9998
7348|6353
7349|11334
7349|6354
7349|9953
7349|9999
7350|6355
7351|6356
7352|10000
7352|6357
7353|6358
7354|6359
7355|6360
7356|10001
7356|13898
7356|15290
7356|6361
7356|67554
7357|14569
7357|6362
7358|6363
7359|6364
7360|6365
7361|6366
7362|6367
7363|6368
7364|6369
7365|6370
7366|11335
7366|11511
7366|11587
7366|15367
7366|6371
7367|10003
7367|11336
7367|6372
7368|6373
7369|6374
7370|10004
7370|6375
7371|6376
7372|6377
7373|6378
7374|6379
7375|6380
7376|6381
7377|6382
7378|6383
7379|6384
7380|6385
7381|6385
7382|6385
7383|6379
7384|6389
7385|10005
7385|11337
7385|6390
7386|10006
7386|6391
7387|10007
7387|6392
7388|6393
7389|10008
7389|6394
7390|6395
7391|6396
7392|6397
7393|6398
7394|15402
7395|10009
7395|6400
7396|10010
7396|6401
7397|6402
7398|6403
7399|6403
7400|6405
7401|6406
7402|6407
7403|6408
7404|6409
7405|6410
7406|10011
7406|6411
7407|6412
7408|10012
7408|6413
7408|6479
7409|6403
7410|6415
7411|6416
7412|6417
7413|6418
7414|6419
7415|6420
7416|15403
7417|6422
7418|6423
7419|6420
7420|6420
7421|6420
7422|6427
7423|6428
7424|6429
7425|6430
7426|6431
7427|6432
7428|6433
7429|6434
7430|6435
7431|15398
7432|6437
7433|6438
7434|6439
7435|10013
7435|6440
7436|6441
7437|6442
7438|6443
7439|10014
7439|6444
7440|10015
7440|6445
7441|6446
7442|6447
7443|6448
7444|6447
7445|6447
7446|10016
7446|6446
7447|6452
7448|6452
7449|6454
7450|6455
7451|6456
7452|6457
7453|6458
7454|15147
7455|6460
7456|6461
7457|6462
7458|6463
7459|6463
7460|6465
7461|6466
7462|6467
7463|6468
7464|6469
7465|10017
7465|6470
7466|6471
7467|6472
7468|6473
7469|6474
7470|6475
7471|6476
7472|6477
7473|6478
7474|6479
7475|6479
7476|6481
7477|6482
7478|6483
7479|6484
7480|6485
7481|6486
7482|6487
7483|6488
7484|6489
7485|6490
7486|6491
7487|6492
7488|6493
7489|6494
7490|6495
7491|6496
7492|6497
7493|6498
7494|10018
7494|6499
7495|10019
7495|6500
7496|6501
7497|6502
7498|6503
7499|6504
7500|15280
7501|6506
7502|6507
7503|6508
7504|6509
7505|10020
7505|6510
7506|6511
7507|6512
7508|6513
7509|6514
7510|6515
7511|6516
7512|6517
7513|6518
7513|6537
7514|15434
7514|6519
7515|6520
7516|6519
7517|6519
7518|10022
7518|6523
7519|6524
7519|6529
7520|6525
7521|6526
7522|6527
7523|6527
7524|6529
7525|10024
7525|11339
7525|6530
7526|6531
7527|6532
7528|6533
7529|10025
7529|111354
7529|12380
7529|15417
7529|50819
7529|6534
7530|6535
7531|6536
7532|10026
7532|15117
7533|6538
7534|15035
7534|6539
7535|6540
7536|10028
7536|6541
7537|10029
7537|6542
7538|6543
7539|6544
7540|10025
7540|10030
7540|105604
7540|11513
7540|12377
7540|12389
7540|12585
7540|50822
7540|6545
7541|6546
7542|10031
7542|6547
7543|11849
7543|6548
7544|6549
7545|6550
7546|6551
7547|6552
7548|6553
7549|6554
7550|6555
7551|6556
7552|6557
7553|6558
7554|6559
7555|6560
7556|6561
7557|14648
7557|6562
7558|6562
7559|10032
7559|6564
7560|6565
7561|6566
7562|6567
7563|10033
7563|6568
7564|6569
7565|6570
7566|14566
7566|6571
7567|6572
7568|6573
7569|6574
7570|6575
7571|6575
7572|6577
7573|6578
7574|10034
7574|6579
7575|6580
7576|6581
7577|6582
7578|6583
7579|6584
7580|6585
7581|6586
7582|10035
7582|6587
7583|15259
7584|6588
7585|6590
7586|6591
7587|6592
7588|6593
7589|6594
7590|15954
7590|6595
7591|6596
7592|6597
7593|6598
7594|6599
7595|10036
7595|6600
7596|6601
7597|10037
7597|11341
7597|6602
7598|6603
7599|6604
7600|6605
7601|6606
7602|6607
7603|6608
7604|6609
7605|6610
7606|6611
7607|6612
7608|6613
7609|10038
7609|6614
7610|6615
7611|10039
7611|6616
7612|6617
7613|6618
7614|10041
7614|11342
7614|6619
7615|6620
7616|6621
7617|10042
7617|6622
7618|6623
7619|6624
7620|6625
7621|6626
7622|6627
7623|6628
7624|6629
7625|6630
7626|6631
7627|6632
7628|6633
7629|6634
7630|6635
7631|6636
7632|6637
7633|6638
7634|15220
7635|6639
7636|6641
7637|6642
7638|6643
7639|6644
7640|10044
7640|6645
7641|6646
7642|6647
7643|15318
7644|6649
7645|6650
7646|6651
7647|6652
7648|6653
7649|15321
7650|6655
7651|10046
7652|6657
7653|6658
7654|6654
7655|6660
7656|6661
7657|6662
7658|6663
7659|6664
7660|6665
7661|6666
7662|6667
7663|10047
7663|6668
7664|6669
7665|6670
7666|6671
7667|6672
7668|6673
7669|6674
7670|6675
7671|6676
7672|6677
7673|6678
7674|10048
7674|11343
7674|6679
7675|6680
7676|6681
7677|6682
7678|6683
7679|6684
7680|6685
7681|6686
7682|6687
7683|6688
7684|6689
7685|6690
7686|6691
7687|6692
7688|10049
7688|6693
7689|6694
7690|6695
7691|10050
7691|6696
7692|6697
7693|6698
7694|6699
7695|6700
7696|10051
7696|6701
7697|6702
7698|10052
7698|6703
7699|6704
7700|6705
7701|10053
7701|6706
7702|6707
7703|10054
7703|6708
7704|6709
7705|6710
7706|6711
7707|6712
7708|6713
7709|6714
7710|6715
7711|6716
7712|6717
7713|6718
7714|6719
7715|6720
7716|6721
7717|6722
7718|6723
7719|15026
7719|6724
7720|10055
7720|5895
7720|6725
7721|6726
7722|6727
7723|6728
7724|6729
7725|6730
7726|10056
7726|11345
7726|6731
7727|6732
7728|6733
7729|6734
7731|6736
7732|6737
7733|6738
7734|6739
7735|6740
7736|6741
7737|6742
7738|6743
7739|6744
7740|6745
7741|6746
7742|6747
7743|6748
7744|6749
7745|6750
7746|6751
7747|6752
7748|6753
7749|10057
7749|6754
7750|6755
7751|6756
7752|6757
7753|10058
7753|6758
7754|6759
7755|6760
7756|6761
7757|6762
7758|6763
7759|6764
7760|6765
7761|6766
7762|6767
7763|6768
7764|6769
7765|6770
7766|6771
7767|6772
7768|10059
7768|11346
7768|5072
7768|6773
7769|6774
7770|6775
7771|6776
7772|6777
7773|10060
7773|6778
7774|6779
7775|10061
7775|6780
7776|6781
7777|6782
7778|6783
7779|6784
7780|6785
7781|6786
7782|6787
7783|6788
7784|6789
7785|6790
7786|6791
7787|6792
7788|6793
7789|6794
7790|6795
7791|6796
7792|6797
7793|6798
7794|6799
7795|10062
7795|6800
7796|6801
7797|6802
7798|6803
7799|6804
7800|6805
7801|6806
7802|6807
7803|6808
7804|6809
7805|6810
7806|6811
7807|6812
7808|6813
7809|6814
7810|6815
7811|6816
7812|6817
7813|6818
7814|6819
7815|6820
7816|6821
7817|6822
7818|6823
7819|6824
7820|6825
7821|6826
7822|6827
7823|6828
7824|6829
7825|6830
7826|6831
7827|6832
7828|6833
7829|6834
7830|10063
7830|6835
7831|6836
7832|10064
7832|11347
7832|11515
7832|6837
7833|6838
7834|6839
7835|6840
7836|6841
7837|6842
7838|6843
7839|6844
7840|6845
7841|6846
7841|9897
7842|6847
7843|6848
7844|6849
7845|6850
7846|12324
7846|13120
7846|6851
7846|78365
7847|6852
7848|6853
7849|6853
7850|6855
7851|6856
7852|6857
7853|6858
7854|6859
7855|10065
7855|6860
7856|6861
7857|6862
7858|6863
7859|6864
7860|6865
7861|6866
7862|6867
7863|6868
7864|6869
7865|6870
7866|6871
7867|15095
7868|15094
7869|6874
7870|6875
7871|6876
7872|6877
7873|6877
7874|6879
7875|6880
7876|6881
7877|6882
7878|6883
7879|6884
7879|8503
7880|6885
7881|6886
7882|6887
7883|6888
7884|6889
7885|15092
7886|6891
7887|6892
7888|6893
7889|10066
7889|6894
7890|6895
7891|6896
7892|6897
7893|6898
7894|6899
7895|6900
7896|6901
7897|10067
7897|6902
7898|6903
7899|6904
7900|6905
7901|6906
7902|6907
7903|6908
7904|6909
7905|15093
7906|6911
7907|6912
7908|6913
7909|6914
7910|6915
7911|6916
7912|10068
7912|6917
7913|10069
7913|10094
7913|11289
7913|11353
7913|11516
7913|11638
7913|6918
7914|6919
7915|6920
7916|10070
7916|6921
7917|6922
7918|6923
7919|6924
7920|6925
7921|6926
7922|5726
7922|6927
7923|6928
7924|6929
7925|6930
7926|6931
7927|6932
7928|6933
7929|10072
7929|6934
7930|6935
7931|6936
7932|6937
7933|6938
7934|6939
7935|6940
7936|15255
7937|6942
7938|6943
7939|6944
7940|6945
7941|6946
7942|6947
7943|6947
7944|6949
7945|6950
7946|6951
7947|6952
7948|6953
7949|6954
7950|6955
7951|6956
7952|6957
7953|6958
7954|6959
7955|6960
7956|6961
7957|6962
7958|6963
7959|6964
7960|6965
7961|6966
7962|10073
7962|6967
7963|6968
7964|6968
7965|6968
7966|12603
7966|13319
7966|6971
7967|6972
7968|6973
7969|6974
7970|10074
7970|11350
7970|6975
7971|6976
7972|6977
7973|6978
7974|6979
7975|6980
7976|6981
7977|6982
7978|6983
7979|6984
7980|6985
7981|6986
7982|6987
7983|6988
7984|10075
7984|6989
7985|6990
7986|15074
7987|6992
7988|6993
7989|6994
7990|6995
7991|6996
7992|6997
7993|6998
7994|6999
7995|7000
7996|7001
7997|7002
7998|7003
7999|7004
8000|10076
8000|7005
8001|7006
8002|7007
8003|7008
8004|7009
8005|7010
8006|7011
8007|7012
8008|7013
8009|7014
8010|7015
8011|7016
8012|7017
8013|7018
8014|7019
8015|7020
8016|10077
8016|7021
8017|7022
8018|7023
8019|7024
8020|7025
8021|7026
8022|7027
8023|7028
8024|7029
8025|7030
8026|7031
8027|7032
8028|7033
8029|10079
8029|7034
8030|106424
8030|7035
8031|7036
8032|10080
8032|11351
8032|7037
8033|7038
8034|7039
8035|7039
8036|7041
8037|7042
8038|7043
8039|7044
8040|7045
8041|10081
8041|7046
8042|7047
8043|6844
8043|7048
8044|10083
8044|7049
8045|7050
8046|7051
8047|7052
8047|7063
8048|7053
8049|7054
8050|7055
8051|7056
8052|7057
8053|7058
8054|7059
8055|7060
8056|7061
8057|7062
8058|10085
8058|15124
8059|7064
8060|7065
8061|7066
8062|7066
8063|7068
8064|10086
8064|7069
8065|7070
8066|7071
8067|10087
8067|7072
8068|7073
8069|7074
8070|7075
8071|7076
8072|7077
8073|7077
8074|7077
8075|7080
8076|10088
8076|7081
8077|7082
8078|10089
8078|11352
8078|7083
8079|7084
8080|7085
8081|7086
8082|7087
8083|7088
8084|10090
8084|7089
8085|7090
8086|7091
8087|7092
8088|14991
8088|7093
8089|7094
8090|10091
8090|7095
8091|7096
8092|7097
8093|7097
8094|7099
8095|7100
8096|7101
8097|7102
8098|7103
8099|7104
8100|7105
8101|7106
8102|7107
8103|7108
8104|7109
8105|7110
8106|7110
8107|7112
8108|10092
8108|15466
8108|7113
8109|7114
8110|7115
8111|7116
8112|7117
8113|7118
8114|7119
8115|7120
8116|7121
8117|7122
8118|7123
8119|7124
8120|7125
8121|7126
8122|7127
8123|7128
8124|7129
8125|7130
8126|7131
8127|7132
8128|7133
8129|7134
8130|10093
8130|11353
8130|7135
8131|10094
8131|15142
8132|7137
8133|7138
8134|10095
8134|7139
8135|7140
8136|7141
8137|7142
8138|7143
8139|7144
8140|7145
8141|7146
8142|10096
8142|7147
8143|10097
8143|11354
8143|7147
8144|7149
8145|7150
8146|10098
8146|11355
8146|11589
8146|15159
8146|7151
8147|10099
8147|7152
8148|7153
8149|7154
8150|7155
8151|7156
8152|7157
8153|7158
8154|7159
8155|15099
8156|10100
8156|15098
8157|7162
8158|7163
8159|7164
8160|7165
8161|7166
8162|7167
8163|10101
8163|7167
8164|7169
8165|10102
8165|7170
8166|7171
8167|7172
8168|7173
8169|7173
8170|7175
8171|7176
8172|7177
8173|7177
8174|7177
8175|7180
8176|7181
8177|7182
8178|7182
8179|7184
8180|15097
8181|7186
8182|10103
8182|7187
8183|7188
8184|7188
8185|7188
8186|7191
8187|7192
8188|7193
8189|7194
8190|7195
8191|7196
8192|7197
8193|7198
8194|7199
8195|14155
8195|14706
8195|7200
8196|7201
8197|7202
8198|7203
8199|7204
8200|7205
8201|7206
8202|7207
8203|7208
8204|7209
8205|10104
8205|7209
8206|7211
8207|7212
8208|7213
8209|7214
8210|7215
8211|7216
8212|7217
8213|7218
8214|7219
8215|146713
8215|7220
8216|10105
8216|11356
8216|11518
8216|7221
8217|7222
8218|7223
8219|10106
8219|7224
8220|7225
8221|7226
8222|7227
8223|7228
8224|7229
8225|7230
8226|7231
8227|7232
8228|7233
8229|10107
8229|11357
8229|7234
8230|10108
8230|11358
8230|11519
8230|7235
8231|7236
8232|7237
8233|7238
8234|7239
8235|10109
8235|11359
8235|7240
8236|7241
8237|10110
8237|7242
8238|7243
8239|7244
8240|7245
8241|7246
8242|7247
8243|7248
8244|7249
8245|7250
8246|7251
8247|7252
8248|7253
8249|7254
8250|7255
8251|7256
8252|7257
8253|7258
8254|7259
8255|7260
8256|7261
8257|7262
8258|7263
8259|7264
8260|7265
8261|7266
8262|7267
8263|7268
8264|13550
8264|7269
8265|7270
8266|7271
8267|7272
8268|10111
8268|7273
8269|7274
8270|7275
8271|7276
8272|7277
8273|7278
8274|10112
8274|11360
8274|11520
8274|7279
8275|7280
8276|7281
8277|7282
8278|7283
8279|7284
8280|10113
8280|7285
8281|7286
8282|7287
8283|7288
8284|7289
8285|7290
8286|7291
8287|7292
8288|7293
8289|7294
8290|7295
8291|7296
8292|7297
8293|7298
8294|7299
8295|15257
8296|7301
8297|7302
8298|7303
8299|7304
8300|10114
8300|7305
8301|7306
8302|10115
8302|7307
8303|7308
8304|7309
8305|10116
8305|11361
8305|7310
8306|7311
8307|10117
8307|7312
8308|7313
8309|7314
8310|11362
8310|15230
8310|7315
8311|7316
8312|7317
8313|7318
8314|7319
8315|7320
8316|7321
8317|7322
8318|7323
8319|10119
8319|7324
8320|7325
8321|10120
8321|7326
8322|7327
8323|7328
8324|7329
8325|7330
8326|7331
8327|7332
8328|10121
8328|11363
8328|11521
8328|11590
8328|7333
8329|7334
8330|7335
8331|7336
8332|7337
8333|7338
8334|7339
8335|7340
8336|7341
8337|7342
8338|7343
8339|7344
8340|7345
8341|7346
8342|7347
8343|7348
8344|7349
8345|7350
8346|7351
8347|7352
8348|10122
8348|11364
8348|11522
8348|11591
8348|7353
8349|7354
8350|7355
8351|7356
8352|7357
8353|7357
8354|7359
8355|7360
8356|7361
8357|7362
8358|10123
8358|7363
8359|7364
8360|7365
8361|7366
8362|7367
8363|7368
8364|7369
8365|10124
8365|7370
8366|10125
8366|7371
8367|7372
8368|7373
8369|7374
8370|7375
8371|7376
8372|7377
8373|7378
8374|7379
8375|7380
8376|14998
8376|7381
8377|7382
8378|7383
8379|7384
8380|7385
8381|7386
8382|7387
8383|7387
8384|7389
8385|7390
8386|7391
8387|7392
8388|7393
8389|7394
8390|7395
8391|7396
8392|7397
8393|7398
8394|10126
8394|11365
8394|11523
8394|11592
8394|7399
8395|7400
8396|7401
8397|7402
8398|7403
8399|7404
8400|7405
8401|7406
8402|7407
8403|15101
8404|7408
8405|7410
8406|7411
8407|7412
8408|7413
8409|111355
8409|15435
8409|7414
8410|7415
8411|7416
8412|7417
8413|7418
8414|7419
8415|10127
8415|11366
8415|12235
8415|12523
8415|15193
8415|15194
8415|7420
8415|8944
8415|8955
8416|7421
8417|7422
8418|7423
8419|7424
8420|7425
8421|7426
8422|7427
8423|7428
8424|7429
8425|7430
8426|7431
8427|7432
8428|7433
8429|7434
8430|7435
8431|7436
8432|7437
8432|7459
8433|10129
8433|7438
8434|7439
8435|7440
8436|7441
8437|11367
8437|7442
8437|7459
8438|7443
8439|7444
8440|7445
8441|7446
8442|10131
8442|7447
8443|7448
8444|7449
8445|10132
8445|11368
8445|11525
8445|11594
8445|7450
8446|7451
8447|7452
8448|11369
8448|11526
8448|11595
8448|11622
8448|11639
8448|11647
8448|12468
8448|12961
8448|12963
8448|13310
8448|14015
8448|14620
8448|14658
8448|7453
8448|8488
8448|89131
8449|7454
8450|7455
8451|7455
8452|7455
8453|7458
8454|7459
8455|7459
8456|7459
8457|7459
8458|7463
8459|7464
8460|11370
8460|11527
8460|7465
8460|7555
8461|7466
8462|7467
8463|7468
8464|10135
8464|7469
8465|7470
8466|7471
8467|7472
8468|10136
8468|11371
8468|7473
8469|7474
8470|7475
8471|10137
8471|7476
8472|7477
8473|10138
8473|7478
8474|7479
8475|7480
8476|7481
8477|7482
8478|7483
8479|7484
8480|7485
8481|7486
8482|7487
8483|7488
8484|7489
8485|7490
8486|7491
8487|7492
8488|7493
8489|10139
8489|11372
8489|11528
8489|7493
8490|10140
8490|7495
8490|9305
8491|10141
8491|7496
8492|7497
8493|7498
8494|7499
8495|10142
8495|7500
8496|7501
8497|10143
8497|7502
8498|7503
8499|7504
8500|7505
8501|7506
8502|7507
8503|7508
8504|7509
8505|7510
8506|7511
8507|146678
8507|7512
8508|7513
8509|7514
8510|7515
8511|7516
8512|7517
8513|7518
8514|7519
8515|7520
8516|7521
8517|7522
8518|7523
8519|7524
8520|7525
8521|7526
8522|7527
8523|7528
8524|10144
8524|5603
8524|7529
8525|7530
8526|10145
8526|7530
8527|7532
8528|7533
8529|7534
8530|10146
8530|7535
8531|7536
8532|7537
8533|7538
8534|7539
8535|111355
8535|7540
8536|7541
8537|7542
8538|7543
8539|7544
8540|7545
8541|7546
8542|7547
8543|10147
8543|7548
8544|7549
8545|7550
8546|7551
8547|7552
8548|7553
8549|7554
8550|7555
8551|7556
8552|7557
8553|7558
8554|7559
8555|7560
8556|7561
8557|10148
8557|7562
8558|7563
8559|7564
8560|7565
8561|10149
8561|7566
8562|7567
8562|9684
8563|7568
8564|10151
8564|146699
8564|7569
8565|7570
8566|7571
8567|7572
8568|7573
8569|7574
8570|7575
8571|7576
8572|10152
8572|12278
8572|7577
8573|10153
8573|7578
8574|7579
8575|7580
8576|7581
8577|7582
8578|7583
8579|7584
8580|10154
8580|12334
8580|15350
8581|7586
8582|7587
8583|7588
8584|7589
8585|7590
8586|10155
8586|7591
8587|10156
8587|11375
8587|11529
8587|15351
8588|7593
8589|7594
8590|7595
8591|7596
8592|7597
8593|7598
8594|10157
8594|15146
8594|7599
8595|10158
8595|7600
8596|7601
8597|10159
8597|7602
8598|7603
8599|7604
8600|7605
8601|7606
8602|7607
8603|7608
8604|7609
8605|7610
8606|7610
8607|7612
8608|7613
8609|15352
8610|7615
8611|7616
8612|10160
8612|15251
8612|7617
8613|7618
8614|7619
8615|7620
8616|7621
8617|7622
8618|7623
8619|7624
8620|7625
8621|7626
8622|7627
8623|7628
8624|15162
8625|7630
8626|7631
8627|7632
8628|13260
8628|14180
8628|7633
8629|7634
8630|7635
8631|7636
8632|7637
8633|7638
8634|7639
8635|7640
8636|7641
8637|7642
8638|15355
8639|7644
8640|7645
8641|7646
8642|7647
8643|7648
8644|7649
8645|7650
8646|7651
8647|146662
8647|7652
8648|7653
8649|7654
8650|10161
8650|7655
8651|7656
8652|7657
8653|7658
8654|7659
8655|7660
8656|7660
8657|14613
8657|7662
8658|7663
8659|7664
8660|7665
8661|10162
8661|11377
8661|7666
8662|7667
8663|7668
8664|7669
8665|7670
8666|146665
8666|7671
8667|7672
8668|7673
8669|10163
8669|7674
8670|7675
8671|10164
8671|11378
8671|11530
8671|7676
8672|7677
8673|7678
8674|7679
8675|15106
8676|7681
8677|7682
8678|7682
8679|7684
8680|7685
8681|7686
8682|7687
8683|7688
8684|7689
8685|7690
8686|7691
8687|7692
8688|10165
8688|11379
8688|15299
8688|7693
8689|7694
8690|7695
8691|7696
8692|7697
8693|7698
8694|7699
8695|15024
8695|53087
8695|7700
8695|88335
8696|7701
8697|12391
8697|12691
8697|7702
8698|7703
8699|7704
8700|7705
8701|7706
8702|7707
8703|7708
8704|7709
8705|10166
8705|11380
8705|11532
8705|7710
8706|7711
8707|7712
8708|7713
8709|10167
8709|7714
8710|7715
8711|7716
8712|7717
8713|70459
8713|7718
8714|7719
8715|7720
8716|7721
8717|7722
8718|7723
8719|7724
8720|7725
8721|7726
8722|10168
8722|7727
8723|7728
8724|7729
8725|7730
8726|7731
8727|7732
8728|7733
8729|15292
8730|7734
8731|10169
8731|7736
8732|7737
8733|7738
8734|7739
8735|10170
8735|11381
8735|15385
8735|7740
8736|7741
8737|7742
8738|7743
8739|10171
8739|7744
8740|7745
8741|7746
8742|7747
8743|7748
8744|7749
8745|7750
8746|10172
8746|13887
8746|7751
8747|7752
8748|7753
8749|7754
8750|7755
8751|10173
8751|11382
8751|7756
8752|15197
8753|7757
8754|7759
8755|7760
8756|7761
8757|7762
8758|10174
8758|7763
8759|7764
8760|10175
8760|11383
8760|11533
8760|12489
8760|7765
8761|7766
8762|7767
8763|10176
8763|11384
8763|7768
8764|7769
8765|7770
8766|10177
8766|7771
8767|7772
8768|10178
8768|11385
8768|7773
8769|7773
8770|10179
8770|11386
8770|11534
8770|7775
8771|7776
8772|7777
8773|7778
8774|7779
8775|10180
8775|12747
8775|7780
8775|9418
8775|9498
8776|7781
8777|7782
8778|27409
8778|7783
8779|7784
8780|7785
8781|10181
8781|10181
8781|11387
8781|7786
8782|7787
8783|7788
8784|7788
8785|10182
8785|113071
8785|7790
8786|7791
8787|7792
8788|7793
8789|10183
8789|7794
8790|11313
8790|11388
8790|7795
8791|7796
8792|106003
8792|12493
8792|13004
8792|15576
8792|7797
8793|7798
8794|13005
8794|7799
8795|7800
8796|7801
8797|7802
8798|10185
8798|11389
8798|7803
8799|7804
8800|10186
8800|11390
8800|7805
8801|7806
8802|7807
8803|7808
8804|14989
8804|7809
8805|7810
8806|7811
8807|7812
8808|10187
8808|111129
8808|11391
8808|11537
8808|11596
8808|11623
8808|11640
8808|12474
8808|12994
8808|14387
8808|14550
8808|15795
8808|7813
8808|80763
8808|90836
8809|7814
8810|7815
8811|7813
8812|10188
8812|11392
8812|11597
8812|11624
8812|7817
8812|8680
8813|10189
8813|7818
8814|7819
8815|7820
8815|7909
8816|7821
8817|7822
8818|7823
8819|7824
8820|7825
8821|7826
8822|7827
8823|7828
8824|12757
8824|14368
8824|7829
8825|7830
8826|7831
8827|10191
8827|7832
8828|7833
8829|7834
8830|7835
8831|7836
8832|10192
8832|12362
8832|12589
8832|14659
8832|14847
8832|15448
8832|7837
8833|10193
8833|7838
8834|7839
8835|10194
8835|15383
8836|7841
8837|7842
8838|7843
8839|7844
8840|7845
8841|7845
8842|10195
8842|11393
8842|7847
8843|7848
8844|7849
8845|10196
8845|7850
8846|7851
8847|7852
8848|7853
8849|10197
8849|11394
8849|7854
8850|7855
8851|7856
8852|7857
8853|7858
8854|7859
8855|7860
8856|11395
8856|11539
8856|11598
8856|15192
8856|15323
8857|7862
8858|7863
8859|7864
8860|7865
8861|13071
8861|7866
8862|7867
8863|7868
8864|7869
8865|7870
8866|10199
8866|12838
8866|13909
8866|7871
8867|7872
8868|7873
8869|5333
8869|7874
8870|7875
8871|7876
8872|7877
8873|7878
8874|7879
8875|7880
8876|10201
8876|7881
8877|10202
8877|12755
8877|7882
8878|10203
8878|11396
8878|11491
8878|11540
8878|11599
8878|15386
8878|15428
8878|7883
8879|111120
8879|14475
8879|7884
8880|7885
8881|7886
8882|10204
8882|11397
8882|7887
8883|7888
8884|7889
8885|7887
8886|7891
8887|7892
8888|7893
8889|7894
8890|7895
8891|15361
8892|10205
8892|7897
8893|7898
8894|10206
8894|12469
8894|12569
8894|12908
8894|7899
8894|8111
8895|7900
8896|7901
8897|7902
8898|15372
8898|7903
8899|10207
8899|11325
8899|7904
8900|7905
8901|10208
8901|7906
8902|10209
8902|11400
8902|13917
8902|7907
8903|7908
8904|10210
8904|11401
8904|11542
8904|11545
8904|11600
8904|7909
8905|10211
8905|11402
8905|11543
8905|7910
8906|11403
8906|11434
8906|7887
8906|7911
8907|7912
8908|12702
8908|7913
8909|10213
8909|105989
8909|105990
8909|106263
8909|12496
8909|12564
8909|12605
8909|13502
8909|13503
8909|13591
8909|14365
8909|14438
8909|49023
8909|52219
8909|7914
8909|90699
8909|90926
8910|7914
8911|11832
8911|7916
8912|121772
8912|14701
8912|7914
8913|7918
8914|14549
8914|7919
8915|7920
8916|10215
8916|7921
8917|7922
8918|10216
8918|12522
8918|12804
8918|7923
8919|10217
8919|7924
8920|10218
8920|7925
8921|7926
8922|7927
8923|10219
8923|144330
8923|7928
8924|10220
8924|7929
8925|7930
8926|7931
8927|10221
8927|11404
8927|12888
8927|14565
8927|15179
8927|7932
8927|9865
8928|7933
8929|7934
8930|10222
8930|11405
8930|15252
8930|7935
8930|8036
8931|15025
8931|7936
8932|10223
8932|7937
8933|7938
8934|10224
8934|7939
8935|7940
8936|7941
8937|12447
8937|13020
8937|7942
8937|8044
8938|10226
8938|7943
8939|7944
8940|7945
8941|7946
8942|14131
8942|15249
8942|7947
8943|7948
8944|10227
8944|11406
8944|13036
8944|7949
8945|7950
8946|7951
8947|7952
8948|7953
8949|10229
8949|7954
8950|7955
8951|7956
8952|7957
8953|7958
8954|10230
8954|11407
8954|12441
8954|12442
8954|7959
8955|10231
8955|7960
8956|10232
8956|10239
8956|11547
8956|14398
8956|14643
8956|7961
8957|7962
8958|7963
8959|7964
8960|10233
8960|11409
8960|11548
8960|15404
8960|7965
8961|14984
8961|7966
8962|7967
8963|7968
8964|10234
8964|12474
8964|7969
8965|7970
8966|15111
8967|7972
8968|7973
8969|7974
8970|13072
8970|7975
8971|7976
8972|7977
8973|7978
8974|10235
8974|7979
8975|7980
8976|15365
8977|15366
8977|22274
8977|88343
8978|7983
8979|7984
8980|7985
8981|7986
8982|7987
8983|7988
8984|7989
8985|13033
8985|14444
8985|7990
8986|7991
8987|7992
8988|7993
8989|7994
8990|14116
8990|7995
8991|7996
8992|7997
8993|7998
8994|10236
8994|12474
8994|7999
8995|8000
8996|8001
8997|8002
8998|8003
8999|15175
8999|8004
9000|8005
9001|8006
9002|8007
9003|14508
9003|8008
9004|8009
9005|8010
9006|10237
9006|11830
9007|111120
9007|8012
9008|8013
9009|10238
9009|11410
9009|8014
9010|8015
9011|8016
9012|8017
9013|15412
9013|8018
9014|8019
9015|8020
9016|8021
9017|8022
9018|10239
9018|14277
9018|14280
9018|8023
9019|8024
9020|8025
9021|8026
9022|8027
9023|14288
9023|14432
9023|8028
9024|8029
9025|8030
9026|8031
9027|12446
9027|12474
9027|12990
9027|14552
9027|8032
9028|8033
9029|8034
9030|8035
9031|8036
9032|8037
9033|10241
9033|13020
9033|8038
9034|10242
9034|8039
9035|10243
9035|11411
9035|12474
9035|14436
9035|14443
9035|14455
9035|15078
9035|8040
9036|8041
9037|8042
9038|8043
9039|12742
9039|15235
9040|13014
9040|13917
9040|8045
9041|8046
9042|14985
9042|8047
9043|15158
9044|10244
9044|126796
9044|15684
9044|8049
9045|8050
9046|8051
9047|8052
9048|10245
9048|11852
9048|12001
9048|12095
9048|12242
9048|12342
9048|12343
9048|13003
9048|13981
9048|85251
9049|8054
9051|8056
9052|8057
9053|8058
9054|14236
9054|8059
9055|8060
9056|8061
9057|13910
9057|13920
9057|8062
9058|8063
9059|8064
9060|14222
9060|8065
9061|10246
9061|12474
9061|8066
9062|10247
9062|11412
9062|14421
9062|15114
9062|8067
9063|8067
9064|10248
9064|8069
9065|14866
9065|8070
9066|10249
9066|11413
9066|12225
9066|12274
9066|8071
9067|12666
9067|12667
9067|15238
9068|10250
9068|8073
9069|8074
9070|111120
9070|14520
9070|8075
9071|8076
9072|8077
9073|10251
9073|8078
9074|10239
9074|8079
9075|8080
9076|10253
9076|16315
9076|8081
9077|8082
9078|8083
9079|10254
9079|8084
9080|8085
9081|8086
9082|10255
9082|14956
9082|14978
9082|8087
9083|12817
9083|8088
9084|8089
9085|14219
9085|8090
9086|8091
9087|12537
9087|14327
9087|15537
9087|8092
9088|10256
9088|11414
9088|11549
9088|12736
9088|12864
9088|13840
9088|13913
9088|14241
9088|14554
9088|8093
9089|8094
9090|8095
9091|8096
9092|126784
9092|12907
9092|13914
9092|8097
9093|8098
9094|8099
9095|8100
9096|11415
9096|8101
9097|8102
9098|10258
9098|12556
9098|8103
9099|12474
9099|8104
9100|8105
9101|8106
9102|15177
9103|10259
9103|13229
9103|8108
9104|8109
9105|10260
9105|8110
9106|10261
9106|11850
9106|15176
9107|14694
9107|15180
9107|15423
9107|15699
9107|8112
9108|8113
9109|8114
9110|10262
9110|14669
9110|8115
9111|8116
9112|8117
9113|10263
9113|11416
9113|14553
9113|15171
9113|15397
9113|8118
9114|10264
9114|13020
9114|13234
9114|14487
9114|49021
9114|8119
9115|12698
9115|12718
9115|12739
9115|8120
9116|12895
9116|13293
9116|13850
9116|8121
9117|10265
9117|8122
9118|68040
9118|8123
9119|8124
9120|14203
9120|8125
9121|8126
9122|8127
9123|8128
9124|12621
9124|8129
9125|12682
9125|13053
9125|8130
9126|10266
9126|11417
9126|12183
9126|12468
9126|12810
9126|8131
9127|15172
9128|12474
9128|8133
9129|10267
9129|11418
9129|8134
9130|12837
9130|8135
9131|15171
9131|8136
9132|8137
9133|12730
9133|13038
9133|8138
9134|8139
9135|12656
9135|13989
9135|8140
9136|8141
9137|8142
9138|8143
9139|8144
9140|12722
9140|14437
9140|8145
9141|106002
9141|106259
9141|111563
9141|121842
9141|13257
9141|14097
9141|14440
9141|54095
9141|8146
9141|87886
9141|89284
9141|90697
9142|10268
9142|13016
9142|8147
9143|8148
9144|8149
9145|8150
9146|14561
9146|8151
9147|8152
9148|8153
9149|8154
9150|8155
9151|8156
9152|8157
9153|8156
9154|8159
9155|8160
9156|10269
9156|8161
9157|10270
9157|8162
9158|8163
9159|13255
9159|14679
9159|8164
9160|8165
9161|8166
9162|13099
9162|8167
9163|8168
9164|8169
9165|8170
9166|10271
9166|8171
9167|8172
9168|8173
9169|8174
9170|8175
9171|12685
9171|12686
9171|8176
9172|12474
9172|14211
9172|68304
9172|8177
9172|88330
9173|14256
9173|8178
9174|12474
9174|8179
9175|14220
9175|8180
9176|14014
9176|14694
9176|8181
9177|8182
9178|8183
9179|8184
9180|15145
9180|8185
9180|8207
9181|8186
9182|8187
9183|8188
9184|12475
9184|8189
9185|14011
9185|8190
9186|8191
9187|12992
9187|8192
9188|8193
9190|15143
9190|8195
9191|8195
9192|8197
9193|8198
9194|8199
9195|15144
9195|8200
9196|12869
9196|14558
9196|16066
9196|8201
9197|8202
9198|8200
9199|8204
9200|14235
9200|8205
9201|10273
9201|106342
9201|106491
9201|12474
9202|8207
9203|8208
9204|8209
9205|10274
9205|12474
9205|12726
9205|13020
9205|13972
9205|15589
9205|8210
9206|8211
9207|13098
9207|8212
9207|88364
9208|8213
9209|8214
9210|8215
9211|12428
9211|12493
9211|13025
9211|8216
9212|8217
9213|8218
9214|8219
9215|8220
9216|14149
9216|14476
9216|8221
9217|8222
9218|8223
9219|8224
9220|8225
9221|8226
9222|8227
9223|12501
9223|12516
9223|14297
9223|8228
9224|8229
9225|13073
9225|8230
9226|12910
9226|8231
9227|8232
9228|12621
9228|8233
9229|14891
9229|15330
9229|15523
9229|8234
9230|14286
9230|15968
9230|8235
9231|13286
9231|14142
9231|8236
9232|8237
9233|8238
9234|14093
9234|8239
9235|8240
9236|8241
9237|8242
9238|8243
9239|8243
9240|8245
9241|8246
9242|8247
9243|8248
9244|8249
9245|10275
9245|8250
9246|8251
9247|8252
9248|8252
9249|8254
9250|8254
9251|8256
9252|8257
9253|8257
9254|8259
9255|8260
9256|8261
9257|8262
9258|8263
9259|8263
9260|10276
9260|8265
9261|8266
9262|8267
9263|8268
9264|8269
9265|10278
9265|8270
9266|8271
9267|8272
9268|8273
9269|10279
9269|8274
9270|8275
9271|8276
9272|8277
9273|8278
9274|8279
9275|8280
9276|8281
9277|8282
9278|8283
9279|8284
9280|8285
9281|15431
9282|8287
9283|8288
9284|8289
9285|8290
9286|8291
9287|8292
9288|10280
9288|8293
9289|8294
9290|8295
9291|8296
9292|10281
9292|8297
9293|8298
9294|8299
9295|8300
9296|10282
9296|8301
9297|8302
9298|8303
9299|8304
9300|10283
9300|11419
9300|11550
9300|11602
9300|11627
9300|11641
9300|11648
9300|11652
9300|11655
9301|6252
9301|8306
9302|8307
9303|8308
9304|8309
9305|8310
9306|8310
9307|8312
9308|8313
9309|10285
9309|8314
9310|8315
9311|8316
9312|8317
9313|10286
9313|8318
9314|8319
9315|8320
9316|8321
9317|8322
9318|8323
9319|10287
9319|8324
9320|8325
9321|8326
9322|8327
9323|10288
9323|8328
9324|8329
9325|8330
9326|8331
9327|15291
9327|8332
9328|8333
9329|10290
9329|8334
9330|8335
9331|8336
9332|8337
9333|8338
9334|8338
9335|8340
9336|8341
9337|8342
9338|8343
9339|8344
9340|15344
9341|8346
9342|8347
9343|8348
9344|8349
9345|8350
9346|8351
9347|8352
9348|8353
9349|8354
9350|8354
9351|8356
9352|8357
9353|8357
9354|8359
9355|8360
9356|8361
9357|8362
9358|8363
9359|8363
9360|8365
9361|15337
9362|8367
9363|8368
9364|8369
9365|8370
9366|8371
9367|8371
9368|8373
9369|8374
9370|10291
9370|8375
9371|8376
9372|8377
9373|8378
9374|8378
9375|8378
9376|8381
9377|14267
9377|8382
9378|12074
9378|8383
9379|8384
9380|10292
9380|8385
9381|8386
9382|8387
9383|8388
9384|8389
9385|10293
9385|8390
9386|8391
9387|10294
9387|8392
9388|8393
9389|10295
9389|12765
9389|8394
9390|11420
9390|11551
9390|12497
9390|12845
9390|12899
9390|12900
9390|13844
9390|13856
9390|14689
9390|15480
9390|31018
9390|44465
9390|44466
9390|67869
9390|8395
9391|8396
9392|8397
9393|8398
9394|8399
9395|10297
9395|10297
9395|8400
9396|10298
9396|11422
9396|11552
9396|8401
9397|12948
9397|8402
9398|8403
9399|8404
9400|14062
9400|71452
9400|8405
9401|8406
9402|8407
9403|8408
9404|8409
9405|12952
9405|8410
9406|8411
9407|8412
9408|10299
9408|8413
9409|8414
9410|8415
9411|8416
9412|8417
9413|10300
9413|11423
9413|11553
9413|11553
9413|8418
9414|8419
9415|8420
9416|8421
9417|8422
9418|10301
9418|11424
9418|8423
9419|15283
9419|8424
9420|10303
9420|8425
9421|8426
9422|15087
9423|8428
9424|8429
9425|8430
9426|8431
9427|10304
9427|8431
9428|8433
9429|8434
9430|8434
9431|10305
9431|8436
9432|10306
9432|11425
9432|8437
9433|8438
9434|8439
9435|8440
9436|8441
9437|8442
9438|10307
9438|8443
9439|8444
9440|8445
9441|8446
9442|8447
9443|10308
9443|11426
9443|8448
9444|8449
9445|10309
9445|8450
9446|10310
9446|8451
9447|8452
9448|8453
9449|8454
9450|8455
9451|10311
9451|8456
9452|8457
9453|10312
9453|11427
9453|8458
9454|8459
9455|10313
9455|8460
9456|8461
9457|10314
9457|8462
9458|8463
9459|8464
9460|8465
9461|8466
9462|8467
9463|8468
9464|8469
9465|8470
9466|8471
9467|8472
9468|8473
9469|8474
9470|15102
9471|8476
9472|8477
9473|8478
9474|8479
9475|8480
9476|8481
9477|8482
9478|8483
9479|8484
9480|15187
9480|37390
9480|8485
9481|8486
9482|8487
9482|8488
9483|8488
9484|8489
9485|8490
9486|15185
9487|8491
9488|15186
9488|8493
9489|8494
9490|8495
9490|9696
9491|8496
9492|8497
9493|8498
9494|8499
9495|10317
9495|8500
9495|8542
9496|8501
9497|8502
9499|8504
9500|8504
9501|8506
9502|8507
9503|8508
9504|8509
9505|10318
9505|71818
9505|8510
9506|8511
9507|8512
9508|8512
9509|8514
9510|11894
9510|8515
9511|8516
9512|8517
9513|15184
9513|8518
9514|8518
9515|8520
9516|8521
9517|8522
9518|8523
9519|8524
9520|10319
9520|8525
9521|10320
9521|8526
9522|8527
9523|8528
9524|8529
9525|8529
9526|8531
9527|8532
9528|8533
9529|8534
9530|8535
9531|8536
9532|8537
9533|8538
9534|8539
9535|5876
9535|8540
9536|15004
9536|8541
9537|8542
9538|8543
9539|10322
9539|8544
9540|8543
9541|8546
9542|12130
9542|14570
9542|8547
9543|10323
9543|8548
9544|8549
9545|10322
9545|8550
9546|8551
9547|10325
9547|111037
9547|11429
9547|12468
9547|12652
9547|12805
9547|12957
9547|12959
9547|12960
9547|12973
9547|13314
9547|13315
9547|13938
9547|13940
9547|13947
9547|13949
9547|13971
9547|84023
9547|8552
9548|8553
9549|14577
9549|8554
9550|8555
9551|8556
9552|8557
9553|10326
9553|11430
9553|8558
9554|8559
9555|8560
9556|8561
9557|8561
9558|8561
9559|8564
9560|8564
9561|8566
9562|8567
9563|8568
9564|10327
9564|11431
9564|11554
9564|11604
9564|8569
9565|8570
9566|8571
9567|8572
9568|8573
9569|8574
9570|8575
9571|8576
9572|8577
9573|8578
9574|8579
9575|8580
9576|8581
9577|8582
9578|8583
9579|8584
9580|8585
9581|8586
9582|8587
9583|8588
9584|14687
9584|8588
9585|8590
9586|8591
9587|8592
9588|8593
9589|8594
9590|8595
9591|10328
9591|8596
9592|8597
9593|8598
9594|8599
9595|8600
9596|10329
9596|8601
9597|8602
9598|8603
9599|8604
9600|8605
9600|8609
9601|8606
9602|8607
9603|8118
9604|8609
9605|8610
9606|8611
9607|8612
9608|8613
9609|8614
9610|8615
9611|8616
9612|8617
9613|8618
9614|8619
9615|8620
9616|8621
9617|8622
9618|8623
9619|8624
9620|8625
9621|8626
9622|8627
9623|10331
9623|8628
9624|11432
9624|12703
9624|8629
9624|8689
9625|8630
9626|8631
9627|10333
9627|8632
9628|10334
9628|8633
9629|8634
9630|8635
9631|10335
9631|11433
9631|8636
9632|8637
9633|15357
9634|10336
9634|8639
9635|7682
9635|8640
9636|15108
9637|15110
9637|8642
9638|8643
9639|8644
9640|8645
9641|7682
9641|8646
9642|8647
9643|8648
9644|8649
9645|8650
9646|8651
9647|15109
9648|10339
9648|8652
9649|10340
9649|11436
9649|8654
9650|8655
9651|8656
9652|8657
9652|8661
9653|8658
9654|8659
9655|8659
9656|8661
9657|8662
9658|8663
9659|8664
9660|8665
9661|8666
9662|15296
9663|8668
9664|8669
9665|8670
9666|8671
9667|8672
9668|8673
9669|8674
9670|15153
9670|8675
9671|8676
9672|10343
9672|8677
9673|10344
9673|8678
9674|8679
9675|10345
9675|11437
9675|15358
9676|8681
9677|8682
9678|10346
9678|11438
9678|11555
9678|11605
9678|11628
9678|11642
9678|8683
9679|8684
9680|8685
9681|10347
9681|8686
9682|8687
9683|8688
9684|15388
9685|8690
9686|8691
9687|8692
9688|8693
9689|8694
9690|8695
9691|8696
9692|8697
9693|8698
9694|15389
9695|15181
9696|113099
9696|8701
9697|8702
9698|10348
9698|8703
9699|14479
9699|8704
9700|10349
9700|8705
9701|8706
9702|8707
9703|8707
9704|8709
9705|8710
9706|8711
9707|8712
9708|8713
9709|8714
9710|10351
9710|8715
9711|8716
9712|8717
9713|8718
9714|10352
9714|8719
9715|8720
9716|8721
9717|8722
9718|8723
9719|8724
9720|8725
9721|8726
9722|8727
9723|10353
9723|15261
9723|8728
9724|10354
9724|8729
9725|10355
9725|8730
9726|8731
9727|10356
9727|11440
9727|8732
9728|8733
9729|8734
9730|8735
9731|8736
9732|10357
9732|8737
9733|8738
9734|8739
9735|8740
9736|8741
9737|8742
9738|10358
9738|11441
9738|8742
9739|8744
9740|8745
9741|8746
9742|8747
9743|8747
9744|8749
9745|8750
9746|8751
9747|8752
9748|15327
9749|8754
9750|8755
9751|8756
9752|8757
9753|8758
9754|8759
9755|8759
9756|8759
9757|8762
9758|8762
9759|8764
9760|8765
9761|8766
9762|8767
9763|15221
9764|8769
9765|10359
9765|8770
9766|10360
9766|11442
9766|8771
9767|8772
9768|8773
9769|8774
9770|8775
9771|8776
9772|8777
9773|8778
9774|8779
9775|8780
9776|8781
9777|8782
9778|8783
9779|10361
9779|8783
9780|8785
9781|8786
9782|8787
9783|8788
9784|8789
9785|8790
9786|8791
9787|8792
9788|10362
9788|8793
9789|8794
9790|8795
9791|10363
9791|8796
9792|10364
9792|8797
9793|8798
9794|8799
9795|8800
9796|8801
9797|8802
9798|8803
9799|8804
9800|8805
9801|8806
9802|8807
9803|8808
9804|8809
9805|8810
9806|15116
9806|9168
9807|8811
9808|8813
9809|10350
9809|8814
9810|8815
9811|8816
9812|8817
9813|8818
9814|8819
9815|8820
9816|8821
9817|6174
9817|8822
9818|8823
9819|8824
9820|6991
9820|8825
9821|8826
9822|8827
9823|8828
9824|8829
9825|8829
9826|8831
9827|8832
9828|10369
9828|8833
9829|8834
9830|8835
9831|8836
9832|8837
9833|8838
9834|8839
9835|8840
9836|8841
9837|8842
9838|8843
9839|8844
9840|8845
9841|8846
9842|8847
9843|10370
9843|8848
9844|8849
9845|8850
9846|8851
9847|8851
9848|8853
9849|8854
9850|8855
9851|8856
9852|10371
9852|8857
9853|8858
9854|8859
9855|8860
9856|8861
9857|10372
9857|8862
9858|8863
9859|8864
9860|8865
9861|8866
9862|8867
9863|10373
9863|11444
9863|8868
9864|8869
9865|113086
9865|8870
9866|8871
9867|8872
9868|8873
9869|8874
9870|10374
9870|8875
9871|10375
9871|8876
9872|8877
9873|8878
9874|10376
9874|8879
9875|8880
9876|8877
9877|8882
9878|8883
9879|8884
9880|8885
9881|8886
9882|8887
9883|15339
9884|8889
9885|10377
9885|11445
9885|11557
9885|8890
9886|8891
9887|8892
9888|8893
9889|10378
9889|12258
9889|8894
9889|8915
9889|9697
9890|10379
9890|8895
9891|10380
9891|8896
9892|8897
9893|12709
9893|7966
9893|8898
9894|8899
9895|8900
9896|8901
9897|8902
9898|10382
9898|8903
9899|8904
9900|8905
9901|8906
9901|8917
9902|8907
9903|8908
9904|10384
9904|8909
9905|8910
9906|8911
9907|10385
9907|11447
9907|11558
9907|11606
9907|11629
9907|15191
9907|8912
9908|8913
9909|8914
9910|15165
9910|16305
9911|10386
9911|8916
9912|15222
9913|10387
9913|8918
9914|8919
9915|10388
9915|8920
9916|8921
9917|8922
9917|8924
9918|10390
9918|8923
9919|8924
9920|8925
9921|8926
9922|8927
9923|10391
9923|8928
9924|14757
9924|67873
9924|8929
9925|10392
9925|8930
9926|8931
9927|8932
9928|8933
9929|8934
9930|8935
9931|8936
9932|8937
9933|12472
9933|8938
9934|8939
9935|8940
9936|8941
9937|8942
9938|8943
9939|111153
9939|8944
9940|8945
9941|8946
9942|10393
9942|8947
9943|8948
9944|8949
9945|15190
9946|8951
9947|8952
9948|8953
9949|8945
9950|8955
9951|10394
9951|8956
9952|10395
9952|8957
9953|8958
9954|15211
9955|10396
9955|8960
9956|8961
9957|8962
9958|8963
9959|8964
9960|15263
9961|8966
9962|8967
9963|10397
9963|8968
9964|8969
9965|8970
9966|15264
9967|8971
9968|8973
9969|11288
9969|11559
9969|5887
9969|8974
9970|8975
9971|8976
9972|8975
9973|8978
9974|8979
9975|8980
9976|8981
9977|8982
9978|8983
9979|8984
9980|8985
9981|8986
9982|8987
9983|10399
9983|11450
9983|8988
9984|8989
9985|8990
9986|8991
9987|8992
9988|8993
9989|10400
9989|8994
9990|8995
9991|10401
9991|8996
9992|8997
9993|15327
9993|8998
9994|10402
9994|8999
9995|9000
9996|9001
9997|9002
9998|9003
9999|9004
